3185020472
367408851
4055309099
2805338461
1884569685
404233840
2111015413
2316761841
3337925928
4089386199
910410360
1566927951
3461991048
3960395147
179090807
1809006959
3312309795
1630948434
1997121963
1216990864
1019661296
2698870812
1704345650
3764947791
2017716959
2855740580
2420793490
3832369852
3054482993
922168167
2097015624
3157794940
227143351
3584180062
3013926887
2118015123
1904103379
3300905499
2038389190
3383047458
3298347328
3682735143
2245794369
511063121
3132356616
4182893027
514875000
2931059291
1498478622
3714051447
439278338
315885654
2745565960
2855894908
2907502680
904713684
377948818
1988723016
3512882190
486613189
3280721953
1338793057
1341807165
3872528469
61636298
647525308
4125653870
610458186
2103369529
839599895
1943102901
842174251
1320838617
1773439649
4193914837
2359960648
949133539
886033585
3805556726
4254856737
1783263433
3960446884
842506519
2664710943
3883326100
2862821470
4251629258
3107608916
1463455331
2696815484
484877333
1886570860
1038823406
18249407
2788400954
142448796
1338393840
2768378736
3101134366
1401457321
3211457574
2559125440
1222300520
3223099508
2526998634
370223723
3867752723
3773070070
558394340
3613813935
1997679931
128413758
4025834536
3846332556
3092529748
3448994291
3039298763
424120666
1581526634
2493382094
3117117599
1322870768
1776996083
503481065
3805071848
2667095293
1421548254
2533400744
1412462974
4050113362
2123250460
3399779699
3850934714
3458302452
1689232803
2018075121
2879734912
3095785563
1266098140
2626439522
1423250183
2233878340
265240626
32350890
3250072057
3610036325
3652140092
3402344184
3467592223
2253107732
741492025
1354877282
3910133400
690334710
991956038
3779367067
1057406607
638905948
1511012487
1562691414
1284509982
1692739073
4132492939
2779384993
1215459672
1058683825
2037240726
373352535
1437757960
1802497395
3569495101
3988178801
3905185492
3442057096
4262106229
1785156323
958073704
1083480148
1051211938
3462553868
3554089245
599435893
409040628
2752294706
903644145
4175938295
379816942
4103998710
891134362
2510459541
1261939246
4085397255
636143277
3066579383
239488644
1966457529
1410587857
2126550919
1947389612
4122948728
220559487
4234649990
3020264885
134298486
682566985
3299314637
136517867
3538709043
2253562999
3873570595
3047618395
1424994959
3910786312
3315587266
3451860955
3582202172
1457578984
3776890999
2121808564
2414452377
2257226463
2368094408
809637501
228858173
944226971
739565251
755468152
1301721695
2536903205
4075303898
1186987487
2065172272
3306063272
215826873
3209278681
675142739
1785129285
660504596
1580902078
1151857828
3907436828
1581770026
3496759904
2098823835
4054245827
3525717924
1454376410
2244182849
1293862860
656608016
2180293653
1886297898
989114049
2973152768
4158005349
1196052433
3211133707
3238402593
1608180315
634305342
2559137554
3135911541
1202275183
922244966
2670516738
4228583155
3446791016
3389415268
874070657
1734814987
1182120414
117551256
3620880324
1255415412
4261543403
94303822
3643355474
4206393091
1209233847
673082379
3723602909
1008112579
1092041063
345233220
349072925
2701463
61610236
933538913
2157171920
2162299981
2214810952
1459752752
2864140637
40667184
1252599324
541217016
2722951273
905122312
400531611
3902348343
3787327417
2219967915
2105051883
3886960322
2526775858
685043724
3648003981
3160882330
1552853733
2648524215
1983968032
4105610033
1783533304
425388266
4194863236
550189522
3426269131
442908364
4186726419
461617656
2561341394
932515939
2771137863
130499466
1781739092
2903411687
1496944596
141263408
409918669
747377085
1948057029
3038514508
716843488
1961607106
4023216952
371273688
2262889901
1460139547
284064479
2087387948
2559617154
3966515948
3853357855
1218879733
4168515802
663972199
536425718
650283994
1643917188
3202318943
2523934588
1953176785
1326797510
3843920775
521602330
2725561213
2277393014
1896233883
2596300458
155954530
1743987219
1966849488
2036817957
1470919121
630021236
1147171334
2296611617
1970772290
2267427127
1920925294
2965360238
1168548429
1245476704
3143527788
1538936435
3048874373
1677322235
2927512598
3213904108
3058293098
4288691182
3591749978
135583828
2301892181
1480477324
3687424158
2884638879
1535496196
3055450481
1422740212
2730646956
3351531616
1905626563
2044834275
2313566545
143208117
1715302348
1915466404
3131971915
3971220001
3517262332
1539478649
4207349174
2121730585
1431446947
624550057
2072693728
2419926028
257896749
4165090160
164177789
2721158238
4124238501
1880410024
1334143585
2325172559
770616936
3129081816
3489738793
205260295
2516686070
812451462
1512417583
2893390634
3526787463
1579724951
951640105
3473635442
3115299361
1819202884
1932773356
48616010
471412881
260311492
4042703622
301744520
727020408
26262267
3431280075
2677075457
1715275119
3573741321
680468109
3360027111
492706175
685016333
3335567749
906144569
1949052308
2823396920
4273174580
3208345300
3767513738
216634683
229762584
1063555359
3731430329
1450956407
1646026535
417532844
2568272227
2812824821
2439290163
2614392172
3469884162
2389262377
1597832790
2626303319
66973345
511630427
3014485069
170274627
3009178411
2719777236
1017739410
4097170282
2482360020
326217778
1453329933
2368086044
1746894425
3561340867
1752291906
614608409
1849761205
2589820894
1405807152
718791304
1211552145
847224987
567978939
3175881295
2982691703
2303431753
3950955012
2120523523
3403236506
1360264084
1363204564
4248935865
4265651555
4155241286
123873797
766716016
1642947800
3672424866
466294979
1159662306
2514233486
2297853206
4041540717
2618589948
2364826178
1569173684
935275711
2814853309
1171742895
1330835915
2608386877
4281330299
903274479
705502870
725551513
1381482306
864286906
3689239402
2044102841
3776603327
3779244898
3190582697
2929235728
3694189300
3418482024
4233149513
3291662880
3646634381
2839018360
3536172374
1123247145
1302806208
1657632304
3973841159
76109782
1725363995
1882267249
232420386
1219456435
4080569586
1641743992
2087124876
1470754726
3472705413
3324858747
2471535464
4211366587
623993143
2774134562
56626842
1718105744
3261729311
4100429785
1946300976
2416745767
1195210251
2734474661
944707278
1327504320
2913329779
545657831
1356255489
769747564
721645652
2299832328
961125170
2999242796
3236000720
3484824103
1727732549
1325812728
1227172373
829160192
540949196
2134788887
3592592040
26144667
1699693010
3971638982
2958769453
2030304059
3476447813
2315393965
3318044781
2414751722
89970482
91601530
855951152
2737934622
861314746
1754761383
3736074638
2041856884
2478918651
3817720707
3043060068
663931191
2827971280
494549889
2587864025
4093667308
3381377347
2243757436
1230662592
2629841408
540115894
4212092886
3885459652
1211541511
96408935
1972501629
2210874166
1732033677
517736194
2828921586
2373998766
3196192898
1570552504
3573121003
4084839508
3537214402
2990281748
2715771844
4091269100
510674770
456941933
639244037
338462616
2645517795
4103737127
1785158030
900133155
1715119749
1351043164
1035319364
3846233098
638444626
4096663896
4162149612
3507401614
834776176
2613415864
1151238402
1238255261
2263035356
3460602094
198172313
2126769995
3402590762
99672783
2571804649
2041159057
709550646
3048015110
445199951
326838830
3336429117
71567145
64504644
227447736
1454402066
4202667695
2215302898
846263887
2970594265
2829715829
1077265268
3832029638
526408909
1086442282
3887794438
3497476416
3774761027
3928976139
3229638890
2962707168
935783437
1144748897
4181995772
1458150625
2353641144
2568450235
1867334197
4254098438
4116989152
92474058
3426713183
3700556561
2470922614
2282743769
777570090
2962167116
743557706
5630226
3413318107
2920214719
2417337608
3200728485
3926158334
2905425067
2488765628
973855919
2414504336
4192315907
2744515169
3596926941
1305215417
4005142644
1424913158
581486984
3981758339
3131708224
1720213158
1350648608
1157037113
2840711211
1816083687
1388893343
2914453001
693194537
1007863602
1349253521
895996824
2095568655
2196093970
3482286259
3691950956
1713804505
2852583651
1685306107
2960528963
542322573
3939838011
1268397031
491540350
3949920698
2599790470
4094008090
1422312190
1928708959
3935302558
2967060763
3919224701
3449405991
2279924765
2757361027
1027952187
1713716286
2896120391
2675801331
489298327
2671343335
1954666668
474163643
4053326250
2427387752
4209690870
3927454727
3902939014
976163696
2700710856
2582221890
2848840697
4051268125
1835779785
249486342
981775463
1936991570
658152947
3573446898
3585605031
1441629410
3498343732
3263067213
3600687497
980457877
4084510975
1540486685
2117237152
3107027042
1898849310
2173249437
238825419
64280278
3283507282
1433270026
3086548689
578149701
1987131015
796023756
76208255
2275379997
2570902477
1358015919
4064047757
1923061913
3824120645
3805351281
1538051096
1193301402
1184616994
253642858
3775537917
2918502250
2167631458
2572762804
914604455
3426876841
1178288282
3277362779
833821175
579823765
2033944821
956526953
2642665845
400850394
2684387472
3458775354
867187560
1088364189
1919458885
3010427948
905982928
1171086921
930116665
1714302359
1987302113
1084006927
1852111979
3743704485
3816222617
2148962773
1938365178
3733846362
883569694
1527210641
1595380613
2071720818
267189745
3261763254
3085048498
254264622
2403399979
52412830
1338698199
688429765
3089916818
3476041436
2082193363
1744774063
1285312935
3980956505
22707613
3100522636
1537420101
2986808131
928034486
2004358731
417053962
1849926368
2322276158
2477628672
3415657585
898657697
3137143833
3761605674
1705633772
3563652628
2110293622
2446583643
1601867230
391165936
3677943008
2460678870
1119736200
2197282709
476308691
2986708364
3064172599
226252768
2295277331
1119961001
1716887446
3507809004
4081292677
585205741
2173224092
3200144316
1622951960
2375146796
132216435
1966727534
830391190
2515016645
2513590557
2253935849
3084348603
3802393806
1879604793
4049762835
2942949216
2005830016
606085644
3193846418
1689722653
3743119341
762841071
2971058261
2610672720
3738322954
4245048054
4027917591
2740147459
2647602905
2635166908
2961229413
3522612070
988937372
3496185854
3937012261
4001352065
2857351570
4112967341
4178474267
4196515211
2342300853
3508966564
3406759130
1631101432
3907920847
2171683625
1240046076
2646191461
2637385014
1104029831
4251942143
4247420802
150772974
3823997034
3399173973
3060585438
4026505554
3283183944
394111620
1387331032
3280829048
2327723891
1575721882
3131976414
3494889093
1577748248
1729766847
74663801
264683107
1924745081
675063910
4130666458
24998477
2630639064
1111837725
2649664521
3785396734
3046533046
3851691593
2242190907
1553321089
1913729698
4000323427
2187665709
2346015519
3790667499
2587981394
1931452167
3716646443
409646011
879170381
671648237
3920827690
3151973852
2595535796
2631200101
1341386412
2351169231
2688249503
3488572274
2907241150
2224999951
3574663524
2057566114
1220014793
2737985424
2079155454
1361171650
4019918754
2312319338
1784965397
805508874
4171548202
2942037576
3503787618
1494047641
3474921466
3817876423
2871535127
2323724988
1572222775
2856826954
1342855185
2153427415
186919565
2102235970
1976949978
73530711
1443074558
949158790
3935434791
1179069817
2618302172
578033781
365899939
4215412310
3414604680
262163992
479574426
2858974791
3600744244
2311862264
760086857
3018952594
3683628379
94419207
1509919798
4129587273
2931295336
2947813349
3776968040
2011941746
3671248368
1635065033
2946541608
3499140684
3900950645
2836161227
1921183539
3164719015
4052130789
3521510427
341922181
2150678455
3983182721
574232579
2876132518
1316926088
3201151938
2830121636
4056385754
2670740015
4160580849
2851531600
2657864610
2359865137
3829574675
2653202706
2936844918
2363870505
3522208835
2048157228
4275575142
1644850702
226768821
2604664265
2727958941
1001458726
733317718
17579662
1587971464
3225316754
2401582327
2626671289
1866191480
1551329880
362059074
2259108884
1862027232
1211275753
4158779444
2500611846
1682623358
4038372905
1465181458
1414606778
863094977
283848494
1918908490
2260316587
1358796605
1670516604
1825106217
2691332674
4016067250
4275390832
94631939
2076834059
4181859589
2897560077
3315318736
2743211807
813262915
777404256
231240822
1720720255
3045714981
84472119
3614958304
669086249
3653766298
3127750691
2924850948
2075123544
1289446464
1121137941
1712529314
3857596619
2238857294
2170336186
3610625558
2154656398
926868935
4158927888
51900485
2534395164
3557955283
2279396571
327681739
1846631843
3783197068
2877174111
322219508
3470059281
890144634
4254798020
889928914
2529412492
1735591748
3940546937
3843925077
2830176002
4080136554
3715816346
2788579380
707042084
2487686123
4280413306
1650233514
2762738263
3452933517
3475803220
1743204706
1756844898
575319102
2981739186
1871778902
924181266
801776160
1286092986
3165694976
38144048
3624893943
1959032096
2957460392
272728893
2392766949
2005974364
2628548979
169396061
1209516922
1995560209
1310389013
790260205
3860485273
3479641644
986745137
2080559835
1302701394
886976221
3522590493
3898383457
2628470052
3231154962
4217082173
2863194413
1723541902
1779984558
1959974771
2287076287
3130131864
3148463777
422920978
1027901473
1182699683
4057937731
381021773
2574807551
651395301
612365231
242025808
611715045
2558585673
2014636407
3186851738
387838710
3544227279
1270634355
1220264839
2880297475
3124466042
462420419
937745453
3925573344
2036132480
608474681
674229966
59301472
4091728621
3395060224
2764338436
3264078900
1842777232
930648657
2237997658
3172977760
320016375
362919577
598880363
615458740
2357502183
4132862506
3484467117
3474892563
651012775
792216773
4234045042
602006899
4054614057
666564930
763757473
1916819782
3748874066
2687025733
3333547186
1403249723
1400966835
2767215409
5686659
3822114933
3061556518
2680741918
73942369
261439459
3452678708
2487034702
554264844
3690861748
2021600318
3266683488
3329544641
2130999434
3804810950
3029258309
2960169850
3553148857
1998130658
4189347905
2779248675
3585407567
3069155414
2064495515
242734314
3839522890
363379415
542182512
1368584657
1443235266
1667726861
819806327
1114040050
1657765341
134542783
429638050
239804662
3262823975
178616432
352950044
1552894120
1145483649
1525708524
2920198910
592779056
362482454
2796973006
2936430975
2302867427
4265006432
824898554
2996597067
3896403880
1537002740
2325621537
2995739091
333253767
2224739126
3043970286
2470337849
2446624277
773119191
3338412160
1017835356
3838651448
859712859
2972072759
2767893180
3353791656
1118220341
2606480721
2241780394
1881695802
54667893
1563412695
1620226790
2319377644
63075240
2955807318
51462966
1347183922
328930644
2414188985
3678018397
309357239
455956178
3898143916
672898479
1720500999
3661727817
845963681
3852081861
2728594187
3358785231
3033236672
2679444926
2369853654
3961321218
3177259387
1930602922
1018960229
2688863029
2269775377
3732378420
775432261
935855766
2834529107
3981203253
1995591965
3604570135
3170611640
3634681325
1647457942
2430550646
3007337418
415238252
566925598
3529879521
1201832816
926125444
2671565933
112540974
2726922185
3644272524
3579735051
394054240
3451761274
1896349176
3283859041
518830946
2002204072
2055240906
2996705598
562647186
2574838361
1845525760
2361609572
2369133019
2510118019
2793000932
1953943630
791025036
761432764
3241866945
803702741
4126310515
4018355276
803872899
1262354600
4044730022
3046478506
680995272
3764087292
1361043333
3496570008
2892184068
1455411363
3933252368
3696114199
279593827
3862455769
3202018856
3603725430
3603952631
400149877
1328669896
2768113750
1875781598
1781386355
2700661102
882084052
1155460345
3975773986
1396929240
700815317
3000023758
2193273022
46688315
2421543937
2833007429
3200518772
255484683
730841944
1815313843
3307813108
3723082689
3586592172
3092461196
1180475514
232733465
2816979950
4145664286
2023777357
4115043329
2372760129
127267475
1038915773
2934758920
3215226902
4125734156
4063822321
2778415762
2230395909
1358987833
3325697431
3127412634
652437845
3940131008
3844239759
231813085
3113805151
3097365611
747420715
4233478645
2927684815
1314777102
909532996
1206507909
3747285640
2886748136
832081269
995792591
2287973979
3356410997
4042029439
3394277259
1838067264
1772476217
779823910
1005656732
4139039436
42581110
731738331
2073579289
3448707038
1507134479
927790244
569473712
2272766947
536315614
3067146068
957389280
4293743085
3901411319
1866515657
129087474
2934573532
2162713628
3460379223
861517051
189851023
3053372680
2665518638
705034119
2021300647
2983019433
2100403351
2111797813
1772881171
716006080
351342231
1451082116
1380980963
1635441140
1152256097
420206180
29928270
3863911778
2554064664
396700679
699232439
4120679852
2923098533
2501909738
2931402441
996041353
3744152234
2278321680
1664302839
4032661835
4230248197
3676596974
2868503643
3496486221
956503463
2357455907
1547324815
1763874592
2946984425
686729202
3956733038
2199822310
3233933591
3221371804
3509441625
1774026217
2912797760
1522199417
2270232215
586954038
2631112210
1608335882
419342946
3620659233
174361883
234818637
1524341100
326975286
518793925
1119547487
3363201503
565257170
739801727
1151687121
2705963984
224739548
1416508064
2142327974
2131309240
3085907800
1042037454
1183881904
1548593076
2420720071
3022987529
1533620861
3259946253
987773292
1918750421
2012757179
2504183543
510976924
1675628597
4033224490
1327904934
702467724
3294955587
3286874301
3267585604
3837967328
2070097736
304130773
3630173257
2688778619
1844293558
3006688600
3937947475
1184677070
3226808811
2890615414
1749169238
3595616486
1757889395
3031627648
1276666488
1899402126
2833398208
1479424636
3759855560
2606297078
577896183
3922806559
2328474775
1597127724
2986533521
653228401
3561849764
1353462616
996597520
2703854733
3724227164
149228003
679143104
2516934142
2995827578
3641276525
2597398508
1135489648
1210783977
1039362816
2977534341
2735017119
441037551
4216471011
2544587724
3970588513
4173679449
2355764160
3923107166
3853748882
802015580
2244592981
3706373952
1447569710
3962676611
117584529
2401741145
957428694
2197325979
3252334647
768170425
3695172072
224354022
2873061472
834177459
1626836117
891504437
43311570
1329279534
1189301286
960198851
2552181722
2812501382
3338181745
3471774573
1794459826
2587077877
2505621710
2608004572
1768615450
1934572085
3342302751
1114817423
866409040
1295712376
43957086
2720633579
424481664
2715878015
2710912396
672114989
4035604785
1623947099
2012263709
1798816773
3968818688
4250381083
837133391
2261032207
3812791936
2663427461
962513274
4102292219
4160887287
3132831313
1476892634
1091486587
1549298092
3303277254
667937943
3370597019
1980172830
2577087329
3702499992
1013966898
2460208393
2501672388
3170245705
2274528432
622752347
4198309661
91941616
1413974088
1043837562
4054418039
484344362
295424959
968742458
3981117554
1269166279
2384914993
621619771
4197994104
3983854980
605498112
1786248729
3683407322
3688481364
3504740020
4098480512
967450593
2674440052
1731731387
3349729755
2708602543
616888137
3484413956
1957411997
1045839820
3885872568
3959792876
1800314636
2605356666
1041588184
2513743385
631055546
3960497535
2155085889
3726677148
3601331059
2508679445
4044484996
33060670
3317838144
3325180525
3796557602
245580407
2924196790
1625930683
2366340494
2693866393
3563250317
1861086857
3794663931
1380181577
3004618144
1637295898
4182271470
2459369828
3256214303
3632095428
2905901070
4231130562
414294792
2689278395
893531461
1989387393
1458270836
1636267085
3269739457
4210163393
1335259770
559910790
2600316404
377444143
1354331720
2391235900
3176942764
2867095586
2464201751
2151103491
3891578953
1672223568
1282883438
562118206
2901844755
3970204788
3508982902
42314326
2053177660
3929392539
3383865442
1134966409
3755558424
3940392404
2039031990
2638338920
937628527
338744822
4230022113
2345907450
867416061
3811320203
2239595815
2292137888
2595419673
1586542938
1196322724
1895958211
2840190233
430736194
1967048170
166071659
3477063704
3957296868
35563561
4192099469
348883805
1760044180
3325035767
239697871
875927038
4242393056
59065235
2059506244
945794892
3302658714
1072152184
4211223760
1880082613
135490019
617358500
2877990370
3549240601
859695009
3803216514
1980962013
3899323552
4273244050
3981697068
2033897550
1832945933
951113934
2612400186
1755408267
4217386286
3000675139
964177146
3554800475
779228206
3893009007
3373738411
932133692
2531381787
2702123224
2038748527
3503790574
1874332917
1898994021
1801823315
191664709
1340289274
496010828
275479062
3673768834
384357700
4153352436
378801311
606123132
3574518965
1701698642
755514018
559564306
1829181722
3443582932
29794268
3856072134
420953050
2176931180
2133697792
1993359685
1206738376
254035890
1109607607
3217916285
300815409
2570948407
2377946441
395707950
37684751
930240014
253897488
2973272878
2375656198
2075545931
3014765655
2681799023
1744724391
3456095269
2536746739
3916139022
587352534
3511407660
391233235
3459966865
3786510459
3912583445
3819095572
3030576337
3932632117
1491656081
111084900
1775946350
3172528949
2745151997
1945535732
3974724460
2302020184
4015925715
752708601
2973208040
2730158234
3124505398
1004762149
3299358121
3348495722
2627435696
3295650955
2495773532
479868290
1288023719
335705506
659413025
1312468373
4267050557
3489117343
1897926461
3363006338
1947841939
303162185
787895736
875205772
23904070
3540300876
1457351523
455012771
684466378
3643011515
2343504864
493059006
1929935686
1473720065
4288177340
2439869152
2829507281
3800471782
1672295472
4182104281
2147287820
986021716
1733320365
1495408092
2732069882
2311160539
3214886490
2123857579
2011335998
2223326934
3319703738
4105119770
1327393970
1485929482
1279023283
137400459
2972029336
868835723
2992774667
1195533603
901918245
