1220556696
1727772985
243659623
379042375
1445064696
522097242
1259098370
1941805663
468766226
1780809381
1512184769
715572123
1033195487
381688644
2007381432
1366794330
1561370577
583757595
997707336
1036287302
139242345
1745735791
1835375171
1841211098
760122214
521333947
587950952
766144213
694583004
1749412287
1064784566
1915139701
1329701624
1308444189
146698428
627282672
1830541431
1405796799
421604687
151824009
1039122532
1933789457
867396132
2072318019
167994453
727293917
1291628702
1729365030