3343086319
3234608558
775238646
2899833669
425632854
3302589632
1160351074
2253737972
1352636256
1373459892
3171546460
2042714987
1532128607
1558892959
2797104246
4119882337
1376452434
1834954300
3473680963
688514079
2837915412
1808455422
223416275
3566729131
448394247
4016736374
1560262139
2802296316
4290889191
246870810
2032965417
1150709928
3622569751
3885154433
854949136
1026437869
3174110565
382528110
1783312434
2610503188
1105860567
1318603853
3530592608
3280074663
3151021140
1645735050
3504489831
3219035118
477616248
1161661689
2183724805
2320832958
405016369
748452693
2114481136
2540290933
3273297410
1376303447
323355834
4230290081
2405745677
343509454
3068613138
4109105938
4139766505
739641124
1504301822
256016956