3343086217
3234608450
775238549
2899833566
425632731
3302589556
1160350977
2253737869
1352636153
1373459791
3171546360
2042714892
1532128537
1558892910
2797104148
4119882226
1376452324
1834954203
3473680864
688514012
2837915363
1808455327
223416172
3566729030
448394137
4016736305
1560262025
2802296219
4290889075
246870731
2032965303
1150709833
3622569652
3885154336
854949026
1026437774
3174110499
382528041
1783312339
2610503091
1105860451
1318603737
3530592511
3280074596
3151021033
1645734949
3504489731
3219035023
477616132
1161661641
2183724757
2320832833
405016359
748452591
2114481028
2540290836
3273297307
1376303324
323355758
4230289984
2405745574
343509351
3068613037
4109105838
4139766410
739641054
1504301773
256016858
677653134
3625144773
3659600194
3688270265
3897760632
3630568140
3665041654
935827959
3437208201
708906445
1310201403
4253429437
104979495
836383050
3686811901
891895776
2139768026
180113595
3406134129
1214227923
3793237753
2973702420
781231430
445548771
3463547882
175338728
3927104598
3989005288
3502370539
688286079
665774433
523463031
